0	0.252989755590113	0.23505569842165	0.252056386325596	0.23780188346924	0.236342606282496	0.258635132470672	0.25116730324396	0.257960913255707	0.253562797013892	0.246535536877329	0.245236008890711	0.272616584853485	0.246715010282843	0.246732937718808	0.261801410951045	0.243128672963087	0.249519478363588	0.249789001640545	0.251472089461969	0.240211488435397	0.240536380922924	0.233801380857238	0.192400639329355	0.244291793229104	0.266656826524729	0.287457004071462	0.297950666332606	0.278132224806033	0.282278958536673	0.279315488904559	0.2902345667404	0.279629715423636	0.264786926396052	0.239973789313153	0.268472602750278	0.247059474149562	0.208766822584572	0.222303141665134	0.271045175779645	0.265565596285752	0.269239073671201	0.260549233606383	0.260216787337715	0.325308345626364	0.257979795815026	0.257751393804174	0.272984635068137	0.288527950301285	0.27433823344117	0.282650239441463	0.31103350379063	0.254035769969625	0.274283549898815	0.272781504122159	0.248468513233939	0.284474151544827	0.269246020180272	0.326772599163365	0.277558537627687	0.274547620352226	0.275010814036672	0.270662799901123	0.261307988493097	0.274167982601397	0.31062735025609	0.25744390805708	0.253691904706919	0.234316655607456	0.254863504140543	0.241593170369233	0.258068825576075	0.267428122431854	0.262561881689197	0.243869232763726	0.247875376265457	0.261859721886882	0.272639316213119	0.266298394852734	0.266876166661928	0.270316662432992	0.256376698833224	0.276353680706669	0.264168011191655	0.265891538703856	0.274616545841032	0.270082058168643	0.269165740707677	0.264728961585997	0.272231299318392	0.275075782711149	0.280039859951683	0.278548737656201	0.220581926803595	0.277714900934401	0.278012679600204	0.26281559286843	0.269677454487399	0.206613995643547	0.263950935515493	0.266701779016839	0.264911136223983	0.258822680409002	0.267949304298591	0.255649641494408	0.274433698995027	0.284030159168507	0.246280235168408	0.252720715458823
0.252989755590113	0	0.247172382384492	0.262230668436762	0.237084780673578	0.217543831361164	0.241375344590472	0.248772532341843	0.277850147043621	0.266203211646396	0.257434601669557	0.253230698928396	0.276467872880135	0.246237302297105	0.231952223277602	0.236688528068027	0.225293574601268	0.238145973293916	0.225813395292208	0.22178068725226	0.232272863721744	0.229276116325163	0.211127127028386	0.16970765761794	0.223619394724017	0.256908189388187	0.267374072044252	0.27879101491959	0.255374866609628	0.260073859794462	0.268722210900205	0.266665322022688	0.257830653860166	0.250894043737151	0.22920430501443	0.24125457456564	0.227081768987441	0.193378302434046	0.20991568848437	0.262906999802933	0.240529111295706	0.265125752427127	0.256007654471196	0.254149766513972	0.322727786261453	0.255604974592461	0.25125826300734	0.260966622146487	0.278018034520675	0.259838476947778	0.270002363332404	0.301564004548045	0.254144199433301	0.261603424731788	0.266702768930205	0.237589063526866	0.267316330111576	0.272222699947012	0.315254941552042	0.264860110640039	0.273724228747889	0.268830865961759	0.267220459043923	0.258678997562743	0.27214362830009	0.295648398394805	0.245187503926886	0.249991954981101	0.223223100721802	0.261663898181324	0.237844134662918	0.257175581556645	0.262755023898522	0.252383449971144	0.237794214391395	0.234976236066047	0.257029781697657	0.266095145624315	0.264385643682517	0.248772173391524	0.260388502830617	0.254963605402552	0.265641691537946	0.256172049850438	0.264504378968545	0.269817294244425	0.263190601230198	0.269250260146745	0.263816255956711	0.256816122252994	0.257817690004124	0.26978428562352	0.281838092674913	0.218207288557987	0.269540187992492	0.252434115395158	0.248575623920275	0.264628489928961	0.198549362929331	0.254922021161812	0.272530597395969	0.265325973814078	0.246238060253635	0.258321458287023	0.247493109611576	0.265458561257348	0.283710856038868	0.231173050780349	0.255202637834798
0.23505569842165	0.247172382384492	0	0.22212340710708	0.232899130046158	0.227732120213976	0.238595852131537	0.227864649608632	0.241763715949532	0.239476552132765	0.212293338578354	0.224082945918358	0.246439698066022	0.221907219206354	0.233176777721504	0.237352771290301	0.222392593837995	0.233514591750104	0.235772539094972	0.241109067803353	0.234066913084963	0.2238582362078	0.230462241896261	0.173001435910895	0.224394361700869	0.261452126694296	0.26769169532088	0.275967791185289	0.265606935856673	0.264056222883546	0.267936163436554	0.265626369620488	0.261712116647539	0.242770674201563	0.249891773775836	0.249064814086026	0.23526179467895	0.19458379294877	0.211637035907394	0.271878499649494	0.248481422947826	0.256893585517619	0.243912953493129	0.24700578378929	0.30995003959091	0.240972968788047	0.23997228362929	0.261763593343075	0.268900340566101	0.257325371098238	0.263017067546021	0.29784877769499	0.246496322676355	0.248226200939353	0.250245749374801	0.222976911128403	0.254060562860889	0.262885732545099	0.307915061178866	0.251870513929383	0.248879692180217	0.253425429138982	0.250644688673978	0.238954946800359	0.250098290591374	0.297319141430539	0.235390847557891	0.238518178927152	0.211051429735999	0.235201814666196	0.233066330174395	0.241298650647786	0.248172038021247	0.234417762251242	0.23863867573378	0.23522003308302	0.23970107043972	0.251040363969545	0.234554184262593	0.242626321806821	0.245731889929343	0.242876478557812	0.256001653128356	0.252673473646914	0.253368940267949	0.258993127518918	0.249836390168651	0.250784559344448	0.238018046448179	0.24900307040229	0.244701452192637	0.249851086802091	0.263042568769879	0.198690667252657	0.252002476696151	0.243651575121382	0.247105425766616	0.249831956440217	0.192439785803229	0.250241359208677	0.248327490053525	0.253174421347402	0.24331773156889	0.250301051507458	0.241936735593636	0.241688469304604	0.26185678160778	0.224496034685212	0.247932079407484
0.252056386325596	0.262230668436762	0.22212340710708	0	0.235575547014639	0.245629073177268	0.262258919933272	0.245770887711822	0.246781701836986	0.238910092266601	0.233077177084127	0.240889433938618	0.244640192167095	0.232569404511783	0.241673176591103	0.254563858528699	0.241183208646533	0.241350969673373	0.238861617653892	0.248440817680153	0.249902039054148	0.238261538098605	0.239107495571284	0.18830610843246	0.24149843688721	0.272135796147188	0.280539431938344	0.297009127340717	0.273324948334453	0.283400877398151	0.279793742713663	0.271177384120787	0.272652044825684	0.251451890941244	0.245992955757217	0.260761786065431	0.244330610571723	0.210426682848211	0.21638071142743	0.27762197497379	0.272141490152319	0.264915413304623	0.252888494399063	0.250990631275231	0.325011179576485	0.261622681722962	0.259750503404681	0.27173524631431	0.273370673237491	0.261529640595697	0.2630287237487	0.302699855553367	0.252783885679612	0.269914985607822	0.272998945509217	0.233737080414066	0.264879021228413	0.280774104968007	0.311217726397576	0.262874154260137	0.269047574359601	0.27024300573015	0.272096528925112	0.264183990470011	0.263419066881811	0.303068838490591	0.252500534258904	0.24777435818192	0.231894921441146	0.249568505755647	0.243689433277785	0.259418129992786	0.261488262088265	0.258799129218585	0.24381112941018	0.261529928749182	0.252521329510225	0.258929045902014	0.260077164786229	0.261781507412475	0.259192640604048	0.25044288745677	0.264213099928603	0.267727356206022	0.252597868069976	0.272511918948455	0.270241571344854	0.259219969284915	0.251480707352342	0.274079121290077	0.264353115949624	0.272561173478665	0.281350167815791	0.217136978345397	0.263407874562766	0.26373955927218	0.250899385671864	0.264531942055275	0.20521136020862	0.273134756323441	0.257105718800149	0.265396344156687	0.247969463567038	0.270849595861512	0.258410902436252	0.271596039211747	0.280949992440716	0.244882576295069	0.252961477592269
0.23780188346924	0.237084780673578	0.232899130046158	0.235575547014639	0	0.228336094474157	0.230122808547338	0.247712929893014	0.249002906486654	0.250653967259544	0.240948033151735	0.233725717492486	0.246734145342503	0.236755835329537	0.228126095918148	0.246559449990318	0.238002000058404	0.2383670556373	0.227930360753297	0.243960487200211	0.233489680170689	0.225296619104853	0.224978304893424	0.164904421219233	0.23203238910379	0.258261287323393	0.268123212117746	0.273664003851729	0.254483765403563	0.263598068627905	0.268825685006425	0.273977016644792	0.259888330734278	0.248729024637256	0.244438587989464	0.243224630024998	0.231268549371304	0.193266198394978	0.207586408566606	0.26962091612524	0.252522489181118	0.236278851921731	0.224085306676456	0.230667842296984	0.285221261148156	0.229168765652803	0.218745277836615	0.235687095368028	0.259582182270777	0.246125753457979	0.240573261720239	0.275860711263743	0.225262767490781	0.231719506912832	0.245917393895241	0.213465725612213	0.234410423268617	0.243385428703774	0.277868320156247	0.235281794822541	0.2563805359071	0.24850717959676	0.244314669162169	0.231252649364375	0.234834691528768	0.272566902565299	0.223625781036368	0.220662036069872	0.211557973016972	0.232107881437529	0.214383919626078	0.237588129454362	0.239768921386783	0.226475746425473	0.222452040263061	0.224045206607075	0.225015524345904	0.233390667950926	0.243544087095198	0.2328241091508	0.240948734595378	0.236556848252439	0.235165432080004	0.225383357127759	0.223924567935104	0.248492520365885	0.23887722000878	0.226427823366067	0.234751659296607	0.221128812868404	0.229082582590793	0.241516022742799	0.236998291116852	0.188155938393101	0.233456868727256	0.229063660569137	0.220427304841268	0.236681723965857	0.17779013646255	0.22972949292439	0.230222034374017	0.225099033867533	0.223262991258758	0.235126463517882	0.229971985031996	0.241982026607749	0.244674902798259	0.20919677682354	0.223533437369833
0.236342606282496	0.217543831361164	0.227732120213976	0.245629073177268	0.228336094474157	0	0.22447077286996	0.242351038109989	0.25810139062935	0.24626306865729	0.227822308604479	0.237770463754943	0.258781365521261	0.231243908874845	0.218864259454048	0.229234804798792	0.220927732441517	0.220110102405507	0.210587325307883	0.222598234638938	0.212887580947927	0.213752713358834	0.21031153627534	0.164303663929948	0.205992894838403	0.243132232217444	0.254066610306076	0.268663656179126	0.249505915195	0.251094750426032	0.242525370424279	0.248583502641162	0.240284317783897	0.225347931652187	0.22622415693933	0.235128588867858	0.210698046440746	0.184050623021267	0.196001120486735	0.253125459531338	0.234673865068284	0.251074339068017	0.226744354312834	0.24226801100369	0.322017074144249	0.240608074145966	0.235156876892629	0.246846033068638	0.255981651956505	0.255764783746694	0.250852040606707	0.297456159612175	0.249759974481717	0.236731849574824	0.262645532970741	0.23036497650878	0.254647023120326	0.267065863635832	0.306684127207829	0.253223460415275	0.254441220158777	0.25557899953891	0.258900054930669	0.240506075129135	0.241413439074034	0.295788170936276	0.235599888480674	0.233749662424961	0.218328827809214	0.246552552847597	0.234760140681223	0.245226397704696	0.236590396358654	0.239890067837372	0.245044445932291	0.233681759247047	0.23753616612119	0.245301871158235	0.252692204155053	0.246580749004065	0.239898414222199	0.245455391174709	0.250929663052871	0.23781325214813	0.244749718602658	0.259027145772834	0.240679645836291	0.255340101649423	0.23810473150543	0.248044696559863	0.240612758330868	0.252506849550866	0.25581146236455	0.192928813933369	0.248163695498456	0.239424118412827	0.233011813646649	0.236852550582087	0.178884332383095	0.237186786032034	0.243523555233239	0.246688377749867	0.233453776220947	0.24403511694859	0.238460939446928	0.243767564761809	0.259855551157745	0.223228714236455	0.248472822030172
0.258635132470672	0.241375344590472	0.238595852131537	0.262258919933272	0.230122808547338	0.22447077286996	0	0.248589531809408	0.269341407211522	0.256750037853008	0.248362245652092	0.239898232373847	0.264676856997748	0.242215645671621	0.223057806414123	0.248863551758495	0.218098835328504	0.221534792660663	0.232311791206784	0.23853808710073	0.242974476652346	0.22344836793174	0.215384774199588	0.191113680045348	0.221289345344781	0.264915525328547	0.269775265248767	0.281293622745468	0.261536965299392	0.265256951910979	0.269919373682816	0.274153861089662	0.263707594117464	0.254139956950077	0.242918484468952	0.23858085812237	0.224075671813159	0.204495906379703	0.212958061171165	0.275729523991517	0.263606644779326	0.268412037116696	0.245375511704928	0.24577814486435	0.317606365440486	0.262826510457844	0.252592263633577	0.270383943284922	0.277317537740913	0.258516201503057	0.271895712531355	0.295533817745222	0.264779149863253	0.263549750362746	0.275395626484482	0.230622863805119	0.260238351880093	0.271467638565555	0.320480410160299	0.266549960995557	0.270383935091708	0.268783119265	0.26897486506816	0.246532278818331	0.266836663073601	0.314664387827586	0.25107344124343	0.249185455576699	0.229250635635061	0.26125447699847	0.245024192148002	0.256937898511011	0.262201120236343	0.2614751184842	0.248832840271239	0.243297676918491	0.260955912977991	0.252701523960152	0.261854837491831	0.254791866547693	0.259843223950269	0.26078516873564	0.267019141594686	0.257850363029701	0.25572119039333	0.262595599564044	0.257579706020539	0.257473083656424	0.260637789277252	0.259893141184057	0.263515032783369	0.277569662537961	0.274222882656139	0.208630860895883	0.270786885719145	0.251168197416768	0.262289904990321	0.265731545507924	0.204411288564801	0.267195591753467	0.264074925995453	0.259943729962224	0.25689999470662	0.265608507492183	0.259090597372229	0.270025184743152	0.275197039017766	0.23631619305459	0.255570130086094
0.25116730324396	0.248772532341843	0.227864649608632	0.245770887711822	0.247712929893014	0.242351038109989	0.248589531809408	0	0.232789133722413	0.234320570681085	0.225091853989553	0.227015828850156	0.236589895472514	0.209332098223715	0.247092243693897	0.257138425559929	0.237830807225098	0.253386611020047	0.248954292177958	0.257210786117423	0.254141752134024	0.2506712340746	0.242352470582286	0.18769401674044	0.238502792937723	0.281012559908755	0.289463971370634	0.304148226973516	0.275610860485811	0.29067990597972	0.284672269829109	0.2927408127826	0.279677961568425	0.268633451054771	0.264332256790735	0.248737773542632	0.249263141735678	0.212329633648177	0.225011527319353	0.284912941678338	0.268609456612143	0.253285938519502	0.242404593001242	0.254735391751287	0.313744503040602	0.25083999310697	0.245723621816123	0.25993650714116	0.267995592100306	0.252253095504474	0.264646492071671	0.292076922199685	0.257157943326718	0.256626505719883	0.274060536201417	0.226084228488987	0.254789442132567	0.260875212105725	0.307891623162574	0.248385090632848	0.254364001062135	0.249720243357507	0.246431014582787	0.240770680983109	0.254533036888858	0.293695545306467	0.246315819998458	0.24588107686817	0.223767571047107	0.251530310532508	0.24787641185054	0.256169596321256	0.25573653820291	0.250088335810209	0.243887979519667	0.244891942911832	0.253535231598714	0.246311432978839	0.251369842387001	0.260407545619975	0.257437969876888	0.257171314127448	0.255570059874246	0.256501736310386	0.253463903912314	0.251261202100392	0.245426344227044	0.263399312508512	0.250351620605534	0.25641837436782	0.254236702747881	0.259598531093919	0.257637862026345	0.214262140320024	0.25208496703621	0.244467129422634	0.247444275471302	0.252266006848943	0.196891192437691	0.245697211032195	0.265819161023155	0.257904253199855	0.249810248529511	0.251751112831684	0.23926262739137	0.252339665730291	0.273161081607452	0.236928457122943	0.249810312967538
0.257960913255707	0.277850147043621	0.241763715949532	0.246781701836986	0.249002906486654	0.25810139062935	0.269341407211522	0.232789133722413	0	0.248217462151414	0.231418251296917	0.244628539663196	0.259129575076043	0.232087443397126	0.2583355266411	0.2744656621926	0.266335471024808	0.263258309156607	0.260018998650881	0.267179401460051	0.264402307123614	0.260611815751785	0.24260354603914	0.198963160993707	0.254739107590191	0.290203962233864	0.293710994754534	0.320178027087215	0.29549560491646	0.297022060591193	0.304627111967622	0.304524688656288	0.284747583301394	0.270883093569033	0.268627696355914	0.270406142599681	0.256918599502364	0.224158797645292	0.236846692043919	0.284007067085275	0.271682066317234	0.280552777381157	0.260999821267398	0.275395417098424	0.322538296788348	0.274775209147181	0.26182869960414	0.271823258498412	0.272984720638917	0.263811757800841	0.285488609075941	0.311965416133533	0.257601764833388	0.273963731181476	0.279399209687017	0.238866463821434	0.275965552102095	0.282160155904901	0.321990483043596	0.259831963871804	0.255111690508805	0.265464231223153	0.266393785002979	0.263016594510586	0.287814418912835	0.309627797399023	0.26504318015714	0.259816285278029	0.23551782496981	0.253728665902333	0.260406294358869	0.266027278553873	0.27018180316928	0.267046100554712	0.260124445428501	0.24891247305465	0.25885969939353	0.259715847085287	0.268441658013522	0.26785260810554	0.271929856478011	0.273546016583801	0.268383366732941	0.277321093169497	0.26033062332777	0.277426614936329	0.284395124342845	0.265417037777765	0.264879602105871	0.271794883907816	0.267103923708182	0.283549751923176	0.279476372824728	0.220152902139669	0.277023754063575	0.265285837725955	0.264151131073322	0.272175615986324	0.213778348547474	0.264221359216645	0.272738456996747	0.262814560976039	0.255575922248128	0.27417882604027	0.264699524247257	0.271232486879329	0.28334401748659	0.238216231915668	0.268346452836929
0.253562797013892	0.266203211646396	0.239476552132765	0.238910092266601	0.250653967259544	0.24626306865729	0.256750037853008	0.234320570681085	0.248217462151414	0	0.23531999120689	0.230015970718869	0.25146314515213	0.22545185499906	0.248654887540969	0.260560960417387	0.253669897183045	0.262204717310284	0.259093454275915	0.259086603476252	0.249323761655468	0.253954405413414	0.251417139704886	0.191547145152844	0.243257214183131	0.277159915281424	0.296089182498813	0.305961725848476	0.290123411774571	0.29240886529231	0.295328607123635	0.292802202420019	0.287389995800447	0.269722484731648	0.257203056748388	0.275508942765412	0.248756713667214	0.207429148784678	0.233491694799261	0.298136327066923	0.278155923628782	0.266344518164373	0.261281253422302	0.251890332365066	0.306929089556842	0.255721090035891	0.253602939717066	0.266471776253404	0.265077936167985	0.267255723524494	0.269497166102252	0.295888674252907	0.258988719319384	0.259509692678381	0.275310951154614	0.228750655808451	0.260986021394031	0.261814013148388	0.314425516056138	0.265151763570562	0.260909531258104	0.27068309186538	0.257574888358846	0.255786333090967	0.254954879286941	0.302683817593295	0.248611427575673	0.244360524621662	0.232774150273166	0.259001212113261	0.246101227580871	0.256653049147475	0.261481121617277	0.266468596631996	0.246359000875084	0.25264545159107	0.266403661673061	0.256307958909848	0.25913603293728	0.262240230496519	0.277098008860527	0.267191261432099	0.26953191436114	0.267927090866646	0.254037455116543	0.270734982698019	0.260983936693965	0.256871188792223	0.251668932733568	0.276910529187045	0.265827437931032	0.268715015644494	0.278429637000235	0.214689724417957	0.27511839430708	0.259292495761619	0.256357071211031	0.257461121032848	0.207784076820513	0.263628369168707	0.26079004661945	0.26555035014953	0.258219957434569	0.271806409797587	0.252468234577755	0.270875539077231	0.279830276903472	0.239036394081457	0.265621328493705
0.246535536877329	0.257434601669557	0.212293338578354	0.233077177084127	0.240948033151735	0.227822308604479	0.248362245652092	0.225091853989553	0.231418251296917	0.23531999120689	0	0.220141044299319	0.251046423320036	0.223679457874485	0.234035750856468	0.247264448354885	0.247780839193809	0.25518780149023	0.246683395317826	0.255762309820691	0.242619555932063	0.237925571261401	0.233093504730594	0.185658906056711	0.238701215766154	0.267873062395403	0.278673084960434	0.306594547847137	0.270280995213967	0.271589679555573	0.277847755880101	0.280628569329953	0.274272383764422	0.255296107441452	0.248301157883719	0.263472284011435	0.242121341872491	0.207561926980739	0.219866189966886	0.270825905934063	0.268999413401736	0.262932164840983	0.248786241002199	0.258565844388439	0.314046042341553	0.264862006881776	0.253857163279764	0.274787559844839	0.259030147603133	0.255920798271946	0.264907457703157	0.297005764678091	0.255264926707425	0.262066817857826	0.274239230263715	0.230869063935181	0.253127932629567	0.253104599839329	0.302884830178903	0.252455139453098	0.261139105367575	0.264851946563512	0.264966157973904	0.244730108596242	0.251330169107283	0.30033069701563	0.243238250581364	0.24761458802502	0.221373624092003	0.247096703004445	0.236859824382066	0.25907833540265	0.244356595680834	0.24831328314759	0.242187385360774	0.241280412227685	0.246947736355976	0.253651558357233	0.253313949049237	0.261856987689514	0.253066668351085	0.254063054805001	0.26185239501391	0.251951670529286	0.257725998918022	0.263496851229176	0.260103632548508	0.259901154384727	0.243639476908361	0.252952480712282	0.254977363781223	0.264790576678761	0.273941747634538	0.212524673428262	0.264009390031132	0.256623260476986	0.26701255233533	0.253509420557867	0.204856524421596	0.266135699210816	0.26534725695768	0.259233346210223	0.260686891914936	0.26809607033012	0.257703732184294	0.274349115232161	0.265351045019611	0.22720286657349	0.259643709999734
0.245236008890711	0.253230698928396	0.224082945918358	0.240889433938618	0.233725717492486	0.237770463754943	0.239898232373847	0.227015828850156	0.244628539663196	0.230015970718869	0.220141044299319	0	0.235336813917471	0.228177472880947	0.233566204928151	0.251932415451415	0.254104301200873	0.256542049910053	0.249920780183266	0.243134206069514	0.24294126859368	0.247081743033553	0.235391716828588	0.179721519951569	0.24057225640781	0.255412912381749	0.272041446708741	0.280097254848744	0.256480011939739	0.280854274821952	0.270260407699272	0.283934723702374	0.262890346999769	0.240166612705873	0.258798266785155	0.258419016529075	0.228062917083405	0.193974848942292	0.215830904742978	0.268557746897	0.259333620743449	0.257677777265633	0.236842546840564	0.242933199958086	0.306050772560054	0.238754567238345	0.240516467472162	0.260444855464362	0.242862965572774	0.239634932513884	0.244981080650592	0.282420191116658	0.239561518939998	0.248102649576184	0.258090185096057	0.213934905547807	0.245122781762747	0.244595498824239	0.292069831615631	0.232290237216777	0.249290338250378	0.24794879021658	0.244704567100239	0.237653117269117	0.243976756285018	0.286340718175461	0.243509717832969	0.233433052678753	0.207640590149683	0.238683591939913	0.233558560087744	0.244306572224772	0.246541399990958	0.23903769939658	0.236358992588869	0.243481725623884	0.2419634437939	0.244937186213583	0.254540557379893	0.23109052200602	0.247294364448078	0.240992223188726	0.24625548679495	0.242385337868823	0.24207442109053	0.242001188850679	0.245544582869223	0.24538115758287	0.235481221282784	0.256178632881526	0.248509810003993	0.249490845062391	0.253056502291619	0.204343765302449	0.257507498030766	0.242331437398912	0.234454767069174	0.246468424482841	0.190862588564754	0.255989692418163	0.249084403246304	0.245118407222739	0.241242207202675	0.244991157706701	0.244918057498266	0.254267152000985	0.261820867589032	0.220361236679013	0.243196003466566
0.272616584853485	0.276467872880135	0.246439698066022	0.244640192167095	0.246734145342503	0.258781365521261	0.264676856997748	0.236589895472514	0.259129575076043	0.25146314515213	0.251046423320036	0.235336813917471	0	0.240978082937887	0.2667975371382	0.275049908847092	0.264207499711556	0.273056106908937	0.26494853169075	0.267674839199538	0.261917698702108	0.260206440169443	0.255660142367369	0.199013335664037	0.259578237969219	0.290450250362029	0.297133998285533	0.31774409999951	0.296329213032927	0.302187507067237	0.295105855068302	0.303396583602147	0.292511518296069	0.265217578150486	0.282950980994581	0.276551627290138	0.256127504015565	0.22298183840862	0.235406743154937	0.294537522680889	0.288279320603014	0.264381908448858	0.261958482451324	0.250793708935431	0.320970768311275	0.267752114851852	0.26737916735993	0.277426488807994	0.271541994460485	0.265101577874834	0.282024897659405	0.305114265753449	0.264889714113091	0.267312864226097	0.284072846444048	0.235490678423599	0.276064497456859	0.273811822656623	0.315354965551238	0.266382341526823	0.268201393304947	0.278126171139984	0.271551005062588	0.263786479285971	0.265300597793329	0.312577813556406	0.258253808686498	0.257082164730862	0.242555720271838	0.265678962709833	0.244542992030743	0.267062733042558	0.26715888509789	0.255964613853166	0.251448509979439	0.262867921221879	0.264831043854511	0.269951436951495	0.266023640504626	0.260900684133943	0.262314902154458	0.271247007076459	0.261861955742523	0.267821586005942	0.256407581748134	0.277965314814355	0.269138336268794	0.268631973763934	0.264100425628727	0.262199154943849	0.259485144188716	0.280491482593835	0.282753898571777	0.221223855261	0.276860312462298	0.262144449443538	0.256322168947342	0.272663685455707	0.214248581331423	0.271355113490563	0.263456610377491	0.266125750911149	0.256442921547924	0.274375910703642	0.260186575770402	0.279724167067479	0.28670251617451	0.245124601123153	0.264672784593708
0.246715010282843	0.246237302297105	0.221907219206354	0.232569404511783	0.236755835329537	0.231243908874845	0.242215645671621	0.209332098223715	0.232087443397126	0.22545185499906	0.223679457874485	0.228177472880947	0.240978082937887	0	0.236749046288737	0.247482945183847	0.236044870570466	0.236497339813014	0.243885904001137	0.252422269806572	0.241976107204143	0.233621439274969	0.227759904245788	0.178657779284952	0.23082102755209	0.263018406612694	0.273097077272002	0.2870317931463	0.265019371909661	0.270941202504583	0.279325743074083	0.277315108993976	0.265844252890332	0.248490075204113	0.247906535846154	0.257451236789122	0.243015097744424	0.19426155455871	0.214446200279995	0.28423718767271	0.254179833105158	0.247884651137314	0.233235657781842	0.236396263918476	0.302341580040329	0.25067503946336	0.240541072099838	0.246067983053741	0.241566634858402	0.247817715135596	0.249888905749651	0.287373928219107	0.241664590301083	0.249096616351571	0.259762035755828	0.219184084853499	0.246329763257589	0.252061902996686	0.29470830593317	0.248497356719071	0.23654569901515	0.256370206242363	0.243917197969196	0.238704525986926	0.24391992024836	0.289781851511628	0.245590004018076	0.238605809378997	0.212074616137052	0.233846547759445	0.227053871967688	0.240943642942071	0.235103999112015	0.231862002072357	0.237220114237969	0.235592797850093	0.239493859690037	0.23638244866078	0.243922792801938	0.250550798612595	0.253886216833052	0.240619579562838	0.25255469757734	0.247867761902445	0.236599706834294	0.25943958213887	0.247518310920847	0.242152687219806	0.240690227931077	0.24775587302549	0.242478545544393	0.256642649019337	0.256956985089078	0.196670903099891	0.251378604253017	0.24381795000134	0.237339390016743	0.246766512840095	0.192604800554125	0.23944592287839	0.249410195007288	0.252120105741916	0.238190032794286	0.253550572285307	0.238849742594296	0.251257779346044	0.26766699966663	0.225362305579316	0.251515855787888
0.246732937718808	0.231952223277602	0.233176777721504	0.241673176591103	0.228126095918148	0.218864259454048	0.223057806414123	0.247092243693897	0.2583355266411	0.248654887540969	0.234035750856468	0.233566204928151	0.2667975371382	0.236749046288737	0	0.244750720224091	0.228516341125319	0.221626132210734	0.220963021727306	0.228342930248374	0.22387995219866	0.20860631053037	0.214886583188884	0.167297942854078	0.21389956996402	0.258102345885563	0.254741664639693	0.274957481703596	0.251917834121617	0.25757624345626	0.261582893986875	0.271672878528149	0.261834705068796	0.240952816216104	0.206224344556899	0.227016226000386	0.214553553460881	0.199234255000722	0.201844329443574	0.256817851949912	0.244336275046882	0.253825401355875	0.245846842681732	0.254172756600418	0.309327534926985	0.24977052005424	0.245529126198889	0.260471972666254	0.257153121106343	0.253752938291475	0.260350312218048	0.292688780689183	0.255936521348245	0.253323992335907	0.265285754253358	0.234506939826317	0.247915441124555	0.269047880119195	0.311715092553636	0.268407525948361	0.260788269592405	0.260005225205079	0.261333576515053	0.243840848840342	0.255717066088684	0.299352747566148	0.240952703634389	0.238163830163837	0.216900341725667	0.246977858589823	0.238559500971821	0.258894031253371	0.245680922667016	0.240290540722322	0.241837005535189	0.242845901318031	0.24458410244941	0.26289275980018	0.249216292100439	0.248031467680748	0.258034475645062	0.250156237699425	0.266344020060202	0.249822872212113	0.254537605712305	0.263431590675686	0.253068941286657	0.249622626712942	0.253484402741142	0.25080416669217	0.251730356237217	0.263931887285738	0.267320643119775	0.203796763420985	0.262677507940931	0.249243376470852	0.249932615809962	0.247275037392455	0.199856117175593	0.25151641899641	0.25027204422639	0.252055411646758	0.244420850963438	0.259516090485673	0.251122222813555	0.261722647002191	0.270271979110365	0.233329704673789	0.258742547579668
0.261801410951045	0.236688528068027	0.237352771290301	0.254563858528699	0.246559449990318	0.229234804798792	0.248863551758495	0.257138425559929	0.2744656621926	0.260560960417387	0.247264448354885	0.251932415451415	0.275049908847092	0.247482945183847	0.244750720224091	0	0.208859425044368	0.23114298678545	0.231130776384972	0.25210645097967	0.22632737282235	0.230184081032603	0.222327973477206	0.18104508212396	0.227145688407135	0.262867933107879	0.270221078998442	0.293468787198333	0.273425242890714	0.257869845104788	0.277228160694982	0.272174210412923	0.259932188209529	0.25053231146701	0.240872866030792	0.245111316436156	0.228348185420765	0.196873440495587	0.220999459624779	0.277416370768637	0.250411798664035	0.275146096452286	0.255253207026284	0.256507636732286	0.322941405851919	0.267258197567342	0.266902610612689	0.273964833506097	0.288328301024721	0.265327174211568	0.273106044779166	0.303330228764199	0.268853290910061	0.274541495960076	0.273802560949482	0.234771281605366	0.275878074800679	0.276391526437015	0.321711450643939	0.277047055511567	0.28198338816957	0.276278828239287	0.27436669687121	0.264767015687811	0.269915363114324	0.315480743921095	0.260459349542623	0.258177163407626	0.231057555962246	0.260626134634991	0.254873100722133	0.268804352619301	0.259215133288522	0.254414089626566	0.260790514301205	0.258122956926016	0.265909765923051	0.260131755777741	0.271173328508002	0.270738888805551	0.267964656145139	0.266653790938621	0.267982006629704	0.273813574422799	0.265097652301446	0.276234368068351	0.268929711087609	0.25920554494869	0.258243260509665	0.27454147007421	0.271317803492621	0.272608296544298	0.278866377155986	0.224217110229963	0.265071581232271	0.265827161284046	0.249275125299084	0.26970598663939	0.20445262011405	0.263154833406509	0.276498579122218	0.271940515844178	0.254955141458705	0.275021243414711	0.257777141244117	0.269531307270026	0.285362344396865	0.238652966219974	0.258888270492252
0.243128672963087	0.225293574601268	0.222392593837995	0.241183208646533	0.238002000058404	0.220927732441517	0.218098835328504	0.237830807225098	0.266335471024808	0.253669897183045	0.247780839193809	0.254104301200873	0.264207499711556	0.236044870570466	0.228516341125319	0.208859425044368	0	0.17359194044941	0.218623696302341	0.221472683785415	0.217937625688724	0.221617136405647	0.200482890871102	0.17384098986266	0.214535054274749	0.250320165489204	0.253897287645967	0.271793519465637	0.252599661978206	0.253934393350565	0.260820039836162	0.260265767350376	0.252771620488698	0.239705246035801	0.220075170679876	0.23676900997634	0.22714670529319	0.193092656074347	0.214216180085487	0.266643638334519	0.235944802305153	0.265278131447898	0.2461015079905	0.255008887822307	0.317241645205995	0.249499986259418	0.252976215860136	0.269107643240722	0.277468908851508	0.261522545696557	0.269430647240272	0.296000185615832	0.249948128389616	0.26478252792689	0.262503147951518	0.234421174908338	0.262993595005198	0.266550170844949	0.320530407212188	0.263670036857064	0.269867790572627	0.26812561753144	0.273950380293357	0.246267988671147	0.250966282424764	0.306258530134839	0.242206234422952	0.239003550838953	0.218096635141657	0.248357894614139	0.230987336989167	0.25932861395727	0.252967270336718	0.24345984247044	0.246083919716763	0.239521511669585	0.25560027854904	0.250820393846746	0.244866718741285	0.254637106411292	0.260355033951502	0.239953554663636	0.262666651816696	0.262809417395195	0.254813649149468	0.260219038831251	0.262898988649266	0.254554014107124	0.262793821482959	0.258973023948348	0.266522565482963	0.265767810846956	0.272700242632704	0.216345208736859	0.261363864380812	0.250886167619479	0.244281755207886	0.254872920309487	0.195031173530495	0.250792576938932	0.256401560168882	0.258315722242066	0.242359429734616	0.257905894787605	0.242768005613268	0.262043905334016	0.269335368044215	0.232818614295796	0.252788304127247
0.249519478363588	0.238145973293916	0.233514591750104	0.241350969673373	0.2383670556373	0.220110102405507	0.221534792660663	0.253386611020047	0.263258309156607	0.262204717310284	0.25518780149023	0.256542049910053	0.273056106908937	0.236497339813014	0.221626132210734	0.23114298678545	0.17359194044941	0	0.166941117732037	0.216365438001924	0.21943547590656	0.22349050740601	0.221541929177669	0.176987103855703	0.224629844841207	0.258530702614651	0.264221941900735	0.285304344811766	0.262790303867609	0.259630583666721	0.279182656275496	0.271797788837754	0.254693087196391	0.246500275199317	0.230446427329335	0.237761001177453	0.228672328068386	0.193979380306904	0.209899389560637	0.268225825950986	0.24750066049131	0.26449248778073	0.250890694793541	0.255494160501411	0.31196385181262	0.259736646247125	0.250124103622481	0.273551952105546	0.274456993442929	0.263060689887543	0.274079490316794	0.303662409772107	0.256921043440893	0.262155409025422	0.266533643587082	0.224567795156798	0.2567406850517	0.271980827714163	0.32267081747297	0.264098005553774	0.259225482680614	0.272329488018183	0.273181332863961	0.25039231581243	0.264797438794812	0.312478796927579	0.243651489824856	0.240933251585815	0.221974259350641	0.245331635278222	0.24120905444115	0.256746037140689	0.243630648154898	0.246586035901209	0.242598433765203	0.238645820743774	0.24916869053024	0.243534578060786	0.256342401146338	0.251993173790865	0.255037050441291	0.250729941222113	0.257799467960706	0.251533438090898	0.256841422101088	0.266175613562886	0.272405767176363	0.251594123633669	0.25510381012996	0.261219547753379	0.263400868063606	0.266077013340319	0.274216278101588	0.208688151554784	0.259126058568859	0.253100787971959	0.245285094528373	0.250660150684947	0.201950380091538	0.253513401181299	0.258283346122237	0.266450027633949	0.249671784537885	0.274739827034004	0.254696894614561	0.258964615160751	0.282035160287876	0.238680278206708	0.262680060509343
0.249789001640545	0.225813395292208	0.235772539094972	0.238861617653892	0.227930360753297	0.210587325307883	0.232311791206784	0.248954292177958	0.260018998650881	0.259093454275915	0.246683395317826	0.249920780183266	0.26494853169075	0.243885904001137	0.220963021727306	0.231130776384972	0.218623696302341	0.166941117732037	0	0.226736589740758	0.218681624776388	0.214174685584544	0.227201890885094	0.175807534319668	0.212747570550461	0.249675670871583	0.26495219668749	0.285448356047453	0.251912512810585	0.263047232450832	0.264696671773899	0.266866845816726	0.248273965269092	0.237685378158892	0.233966189692395	0.231158064670329	0.223483221884371	0.190847747514037	0.205072501436281	0.262278094563744	0.242238839868184	0.266030698527905	0.253415967363332	0.256444109072765	0.311885532726595	0.255477305368602	0.256784715251924	0.272497719504644	0.27216283293525	0.259994608849467	0.272179979643639	0.299033382591735	0.251636012418045	0.262959099641075	0.26158265661998	0.237158796720845	0.261262118906936	0.269990708345003	0.315933565491605	0.269251951138483	0.266657524634944	0.267457733038855	0.262017165593485	0.259623337334801	0.270317348242035	0.305170475794429	0.251969904830558	0.251721358105025	0.224305632608698	0.25265414119037	0.243608856042809	0.26779152579897	0.254412851074619	0.253683680667258	0.25208314336286	0.235482207906665	0.258056769194793	0.247197535143299	0.257408056366292	0.260320678020281	0.257164052576411	0.25073854296055	0.262088491944494	0.252556490190031	0.254972562537271	0.264154959036816	0.267408177437145	0.250988478389627	0.252562363930751	0.26447939679674	0.263868355609945	0.261959656777083	0.270937990119122	0.2125519320323	0.260216841581252	0.252336059018427	0.246041209953122	0.25980673803908	0.201171039010389	0.252365333071443	0.252326301392065	0.253160905005681	0.246544866695617	0.26180859791238	0.249981949268284	0.260579148040242	0.278428611669213	0.235785205606374	0.262052762566199
0.251472089461969	0.22178068725226	0.241109067803353	0.248440817680153	0.243960487200211	0.222598234638938	0.23853808710073	0.257210786117423	0.267179401460051	0.259086603476252	0.255762309820691	0.243134206069514	0.267674839199538	0.252422269806572	0.228342930248374	0.25210645097967	0.221472683785415	0.216365438001924	0.226736589740758	0	0.226310441412451	0.222353942817303	0.21286520856191	0.177671726895119	0.22860409259644	0.266170638754093	0.26361294930252	0.279934370815845	0.256025143234255	0.26047669258584	0.266639577684124	0.267083218096963	0.256116229020636	0.235544118709693	0.235612528620398	0.233509107071458	0.229531685947567	0.197999682501925	0.20370925780123	0.256150872871199	0.243625993071426	0.251023372249211	0.252573999837325	0.250250065603638	0.321617044126183	0.255569793719547	0.246087983411319	0.260972782648251	0.272384021371773	0.259694578754625	0.278857383053319	0.299270741333203	0.256236988139117	0.258868106003467	0.263943733060399	0.230157249176951	0.262951094983669	0.273232489788883	0.319304025228006	0.262691224197479	0.260118831980086	0.280780857267698	0.270343176456335	0.256060903710752	0.263644419220495	0.309881762446113	0.246375691965792	0.241923686869883	0.226308687552214	0.244771133107922	0.24199370192105	0.259729493538608	0.251265151751768	0.253273873824527	0.245599785976817	0.238507760973812	0.249729130957783	0.259111967895681	0.257490415814956	0.250034632672389	0.253701561948926	0.254454712764455	0.264520269434283	0.253590643313697	0.257389692706434	0.270033366737211	0.261178450160434	0.26143831500678	0.257416267635313	0.261583803375143	0.259887139064477	0.261470185533216	0.273432997087928	0.209297186302868	0.265809147673443	0.253919501444335	0.251771112717001	0.254425996793752	0.195447654976478	0.253497222021472	0.25692396198612	0.258180479996252	0.244943621769231	0.260696747360052	0.241706890545195	0.268797293851428	0.280812032473889	0.235980852230956	0.261318575006241
